0,0,0
0.01,0,0
0.027,0,0
0.043,0,0
0.06,0,0
0.077,0,0
0.093,0,0
0.11,0,0
0.127,0,0
0.144,0,0
0.16,0,0
0.177,0,0
0.194,0,0
0.21,0,0
0.227,0,0
0.244,0,0
0.26,0,0
0.277,0,0
0.294,0,0
0.31,0,0
0.327,0,0
0.344,0.252867602,0.133520094
0.36,0.206290261,0.046748334
0.377,-0.690646211,0.134502257
0.394,-0.666371512,0.0732504
0.41,-0.666371512,0.0732504
0.427,-0.114214896,0.001662908
0.444,0.033624684,0.058810277
0.46,-0.1312707,0.061270323
0.477,-0.245063057,0.056431557
0.494,-0.356671198,0.075553727
0.51,-0.356671198,0.075553727
0.527,-0.085361208,0.121576497
0.544,0.073118448,0.248540875
0.56,0.073118448,0.248540875
0.576,-0.178734894,0.109059743
0.593,-0.32914518,0.037429833
0.608,-0.307852433,0.13573516
0.625,-0.167428707,0.085385129
0.641,-0.184808821,0.050885719
0.657,-0.254966352,0.088684256
0.674,-0.16616234,0.037800696
0.691,-0.096243793,0.006818036
0.707,-0.132373481,0.130893656
0.724,0.006144148,0.096409665
0.741,0.047643796,0.130536306
0.757,0.082088876,0.185625324
0.774,0.157996416,0.281347356
0.79,0.245617614,0.354860368
0.806,0.245270327,0.527500503
0.822,0.123452488,0.473172006
0.838,-0.111707557,0.377762693
0.854,-0.111707557,0.377762693
0.87,0.050198309,0.369598855
0.887,-0.05249192,0.496265446
0.904,0.027783026,0.554520155
0.92,0.132231132,0.528736755
0.936,0.143499851,0.474023471
0.952,0.269438003,0.533440133
0.967,0.269438003,0.533440133
0.984,-0.245590025,0.751290924
1.001,-1.13761917,0.646640495
1.016,-2.004727787,0.703596268
1.032,-2.356325103,0.750582379
1.049,-2.46989597,0.701743939
1.064,-1.840538051,0.676940113
1.079,-0.517174668,0.492302886
1.096,0.240351461,0.214606952
1.112,-1.574072913,0.235817691
1.128,-0.205850814,0.211256128
1.145,0.779327344,0.521217699
1.16,1.020886437,0.069884445
1.175,-1.459902864,0.773397632
1.192,-1.525888369,0.190250049
1.209,-0.814325233,1.18905477
1.224,0.350410438,0.404110855
1.241,-0.293910576,0.017368022
1.256,-0.615242601,0.01919364
1.272,-0.342646621,0.113495137
1.288,-0.342646621,0.113495137
1.304,0.244162238,0.05986427
1.32,0.257956408,0.158709249
1.337,-0.021838761,0.359577032
1.354,-0.062801897,0.268929048
1.369,-0.652494656,0.020953692
1.385,0.323266792,0.215753108
1.402,0.520413917,0.346328514
1.418,0.664203852,0.157104635
1.434,0.664203852,0.157104635
1.45,-0.030713784,0.618623177
1.466,-0.030713784,0.618623177
1.482,1.32E-04,0.604565188
1.497,-0.103866461,0.266881282
1.513,0.300618385,0.080750132
1.53,-0.237838996,0.368881761
1.547,-1.339673939,0.617927884
1.563,-0.989900037,0.001528337
1.579,-0.603902652,0.167679519
1.595,-0.436125503,0.146128795
1.611,-0.256066101,0.189792744
1.628,-0.171273118,0.044850123
1.644,-0.08960279,0.027948895
1.659,-0.121210187,0.02705338
1.676,-0.329520009,0.020636553
1.693,-0.850002334,0.048405374
1.709,-0.949625351,0.199041354
1.725,-0.608295602,0.373152121
1.742,-0.223233545,0.299212997
1.758,0.031340972,0.144370682
1.774,0.115886264,0.091485308
1.791,0.053696311,0.017665612
1.806,-0.204061906,0.037612799
1.821,-0.299260899,4.32E-04
1.838,-0.254236576,0.091422909
1.854,-0.134753655,0.113671089
1.87,0.015580861,0.121970175
1.887,-0.014987431,0.09850306
1.903,-0.821403672,0.3650904
1.919,-0.88121063,0.223773729
1.935,-0.766010979,0.166161557
1.95,-0.195724164,0.05989853
1.966,0.064707648,0.006906174
1.982,0.196027566,0.006289727
1.998,0.054618442,0.025640095
2.013,0.054618442,0.025640095
2.03,-0.194377899,0.05243543
2.047,-0.358883046,0.035957813
2.063,-0.419420356,0.004691142
2.08,-0.056917263,0.088513689
2.095,-0.001658785,0.160399455
2.111,-0.04401255,0.107715474
2.128,-0.090161858,0.039874478
2.144,-0.267807836,0.041211604
2.16,-0.267807836,0.041211604
2.176,-0.703121829,0.039937924
2.192,-0.188029266,0.124803553
2.208,-0.096601385,0.184172369
2.224,-0.760641155,0.077598889
2.24,-0.319727888,0.040672659
2.255,0.02205555,0.142803365
2.271,-0.102341303,0.407929748
2.288,-0.466141585,0.91969759
2.304,-0.466141585,0.91969759
2.32,-0.758715353,0.461887038
2.337,-0.919304528,0.533170034
2.353,-1.409533532,0.805510416
2.369,-1.604263189,0.095177977
2.385,-2.206377012,0.067508799
2.4,-2.064717329,0.797620785
2.416,-1.881677977,0.094369759
2.432,-2.281907977,0.671451139
2.448,-2.351526044,0.904143758
2.464,-2.200194428,0.134765709
2.48,-1.377662444,3.637354931
2.496,-2.547474035,4.074253227
2.512,-3.865652201,2.926283646
2.529,-2.231743634,0.352073177
2.545,-0.44085867,0.715405039
2.561,0.849562157,0.537114941
2.577,0.441938632,1.069692298
2.593,0.668884245,0.910784002
2.609,0.843237009,0.920555639
2.626,0.609633397,0.83821452
2.641,0.28213532,0.794742179
2.657,0.008671886,0.749353169
2.672,-1.319098162,0.519401554
2.688,-0.77843996,0.005919844
2.703,-0.494422051,0.075984228
2.72,-0.301406217,0.144009052
2.737,0.063844428,0.180719055
2.753,-0.075621336,0.138274137
2.77,-0.403087152,0.034183853
2.787,-0.873549553,0.122193958
2.802,-1.401965672,0.042839576
2.817,-1.182780733,0.185566004
2.834,-1.560952505,0.006566596
2.849,-1.023595517,0.286900257
2.865,-0.635801388,0.092642838
2.882,-0.635801388,0.092642838
2.897,-0.065058301,0.245699652
2.914,0.005252846,0.192156448
2.931,0.168256755,0.007854511
2.947,-0.427462209,0.601135402
2.963,0.020510647,0.095510692
2.98,-0.771205541,1.445196071
2.996,-1.632135918,1.001024318
3.012,-2.076985191,0.99051892
3.029,-2.014725207,1.084933121
3.045,-1.916852763,0.304387915
3.061,-3.476603926,0.270787456
3.078,-3.252838432,0.516058626
3.094,-3.653005432,0.197573528
3.11,-3.116415819,0.662119364
3.126,-3.822029179,2.38598453
3.142,-5.107943906,0.212621202
3.158,0.941966246,0.0656361
3.175,-0.633434364,0.212753556
3.192,-1.48616112,0.982606691
3.207,-1.085691207,0.903775853
3.224,-0.282042185,0.622190673
3.239,-0.010698362,0.717940743
3.255,1.268399279,0.735553034
3.271,1.928180601,0.520038558
3.287,1.205697653,0.714866954
3.303,-0.464086042,0.68623447
3.32,0.328545935,1.473671577
3.336,-0.068861414,0.281368706
3.352,-1.382533613,0.767170594
3.369,-2.911524831,0.750433269
3.386,-2.767292502,0.112909638
3.402,-2.941153543,0.045237924
3.418,0.323649116,0.202596246
3.434,1.484349282,0.080539926
3.45,1.100436744,0.67742205
3.466,1.409315898,0.413050045
3.482,1.357162967,0.361324395
3.498,1.167527433,0.771697791
3.515,1.156958462,0.844580864
3.531,1.170251137,0.460914355
3.547,0.633323955,0.82926106
3.563,0.334955632,0.029193245
3.58,-0.338401827,0.238772614
3.596,-1.516183273,0.817129519
3.613,-1.958588385,1.470982536
3.629,-2.259342099,2.253249388
3.643,-2.89438014,2.381280131
3.659,-1.648173151,2.067291609
3.676,-1.027804973,1.493228027
3.692,1.252931387,0.664004585
3.708,-0.823411604,0.265637822
3.725,-2.463766016,0.63027676
3.741,-6.823053267,0.82575612
3.757,-7.80873392,0.806400065
3.774,-3.523584438,0.059221221
3.79,-4.254532395,0.087254087
3.807,-2.70197559,0.200258234
3.824,-1.743353135,0.457101989
3.84,-1.095497144,0.560020434
3.856,-5.000814323,3.376322568
3.873,-4.154126179,2.649079357
3.889,-0.096482306,0.817221979
3.904,1.546474524,0.61611138
3.921,1.393448254,0.907741351
3.937,0.213581229,1.005254459
3.953,-0.461169057,0.830304143
3.97,-0.42281283,1.915964992
3.986,0.474417562,1.678019676
4.002,0.357340027,0.170633748
4.018,-0.179060176,0.796519878
4.035,-1.126420496,0.081506251
4.051,0.825850504,0.050891687
4.067,2.321124963,0.311539095
4.084,3.579355257,1.527779921
4.099,1.196462623,0.205982006
4.114,2.037719375,0.675476113
4.131,1.659327345,0.43111967
4.145,-5.180306458,0.293092728
4.161,-1.895726178,0.431347581
4.178,-1.801894729,0.895143813
4.193,0.985476234,0.246513185
4.21,-1.9479044,0.397904432
4.227,-4.861766359,0.68178314
4.243,-5.077441266,0.507100428
4.259,-5.476796867,0.83499088
4.275,-5.372148372,0.31599963
4.289,0.533915136,0.20709647
4.305,1.905422941,0.422535418
4.321,1.017331746,0.411115086
4.336,1.508079908,0.167592672
4.352,0.311918304,0.632174474
4.368,0.311645501,0.076921312
4.383,-9.54E-04,0.067706852
4.399,-0.057041,0.758682439
4.416,-0.006661597,0.516898038
4.431,-0.100227498,0.066191958
4.447,-0.685215063,0.157336617
4.463,-1.409537607,0.241342939
4.478,-1.831822068,0.255779138
4.494,-1.55197476,0.014712545
4.511,-0.343194202,1.885844536
4.527,0.48228069,0.05857007
4.543,0.135067948,0.70739401
4.559,-0.034754875,0.683994638
4.574,0.73129846,0.286038146
4.59,1.151639376,0.592037684
4.606,-0.534981014,0.081908852
4.622,-2.316074624,0.026826631
4.637,1.224750009,0.88069985
4.653,-1.200392794,0.711095327
4.67,-3.030202015,0.46190704
4.685,1.109084009,0.146622562
4.701,-0.971431518,0.578039204
4.716,-0.107142589,2.454827715
4.732,-1.1458426,0.339774205
4.748,0.539728366,0.064734984
4.765,0.473554751,0.246290164
4.781,0.119702318,0.036271774
4.797,0.014571281,0.568520943
4.814,0.718829972,0.40746293
4.83,0.688883881,0.023581219
4.846,0.526176076,0.417217434
4.862,1.001418534,1.168117642
4.877,-1.012662254,0.002111588
4.893,-1.833241278,0.879771334
4.91,-1.795605909,0.365711664
4.925,-0.904899927,0.560698489
4.941,-0.205693837,0.480231765
4.958,0.776445035,0.801131331
4.973,0.311565328,0.92920608
4.989,1.933478867,0.347958729
5.004,0.978549615,0.013862196
5.019,0.198052556,0.232195153
5.034,0.313182238,0.338307165
5.05,1.688081183,0.204345381
5.065,2.126005376,0.298068175
5.081,1.455016199,0.311803979
5.097,0.951774116,0.345158
5.112,1.101048491,0.346698294
5.128,0.964964044,0.264886311
5.144,1.066625008,0.431973765
5.159,1.678253314,0.232937963
5.175,1.707275355,0.443075942
5.191,0.839528006,0.87776623
5.208,-1.759419008,0.365883124
5.223,-1.057180219,0.445242529
5.24,-1.805365161,0.83026612
5.256,-0.093185601,0.028371999
5.271,-1.415668054,0.209156231
5.287,-2.739337577,0.005577668
5.304,-2.491810276,1.748410594
5.319,-3.569477798,3.320332957
5.335,-4.673903572,2.332302659
5.352,-4.688945175,0.06196088
5.367,-2.694468433,0.733400609
5.383,-0.756021782,0.783203177
5.399,-0.544416399,0.492046633
5.414,0.024395878,0.491915605
5.43,0.024395878,0.491915605
5.446,1.351870893,0.147518414
5.461,1.171945764,0.672928992
5.477,0.987696953,0.991196986
5.493,0.772101999,0.994924373
5.508,-0.913978974,0.770177884
5.524,-1.5870201,0.129811331
5.541,-2.383587454,0.733906857
5.557,-2.494555328,1.11141676
5.572,-1.920683065,0.871253819
5.588,-1.455203381,0.616139693
5.603,-1.941767335,0.29527323
5.619,-2.19848811,0.453064535
5.636,-2.122190641,0.612545821
5.651,-1.69443317,0.936954325
5.667,-1.5388603,1.391698201
5.684,-1.737308047,1.583043645
5.699,-1.907220984,1.695443496
5.715,-1.324140562,1.815765777
5.731,-0.542441313,1.643388234
5.747,-0.660094978,1.537713465
5.763,-0.728476967,1.608697016
5.78,-0.422126145,1.749979866
5.795,0.471758844,1.800449738
5.811,0.835640767,1.615520741
5.827,0.849436623,1.429522878
5.843,0.76269823,1.134921354
5.857,0.480929497,0.19522476
5.873,0.467502977,0.810539071
5.89,0.382997604,0.489733801
5.905,0.079365482,0.073961456
5.921,-2.399614566,0.343414366
5.937,-5.535157454,0.941985756
5.952,-6.005534962,0.27186362
5.968,-7.166947405,0.391512007
5.983,-6.846276478,0.096163835
5.999,-5.244571942,2.855060087
6.015,-5.642894734,3.647155595
6.031,3.623236619,3.267970975
6.046,4.182931012,1.874862465
6.062,4.505986244,0.509581702
6.078,3.820587012,0.64453439
6.093,-5.890017979,0.213748634
6.109,-7.604208911,0.563730401
6.126,-5.438186244,0.833011003
6.14,-3.209227097,1.603988895
6.156,1.169049306,2.197851589
6.172,1.555103432,1.623224044
6.187,1.321063808,0.089274575
6.202,1.68983511,0.795070314
6.218,1.961229148,0.740786119
6.233,1.854228801,0.550695686
6.249,1.383693971,0.403692151
6.265,-0.21636077,0.15068172
6.28,-0.90054452,0.500196824
6.296,-1.215951,0.735250425
6.311,-0.283843562,0.709566712
6.327,-0.113719693,0.366400508
6.343,0.215020249,0.401518238
6.36,0.215020249,0.401518238
6.375,0.203486095,0.763609194
6.391,0.515256596,0.996880787
6.407,0.01598891,0.406953562
6.422,-0.136314643,0.915415081
6.438,-0.315899314,0.701595402
6.454,-1.62220335,0.755880154
6.471,-9.82368334,0.315583005
6.486,-11.57581617,0.959059789
6.502,-10.00061274,2.698555185
6.518,-9.01046418,4.091139211
6.533,-11.18419623,4.832312664
6.549,-5.400162954,0.797222971
6.565,-1.543039684,0.869941333
6.581,-0.239457798,0.758733196
6.597,-0.10448922,0.404880133
6.613,-1.486032753,0.502135563
6.628,-3.011454678,1.876618561
6.644,-2.750884025,2.436660318
6.661,-1.999314171,2.918344759
6.676,-0.36980809,2.801523024
6.692,2.454244148,2.559699888
6.708,2.504289978,2.312039054
6.723,2.405474324,1.606927557
6.739,1.438490262,0.633698126
6.756,1.519213975,0.732602348
6.771,1.480216068,0.729140448
6.786,1.42044032,0.79714439
6.803,1.17259233,1.573154343
6.818,0.788588064,1.791751274
6.834,-0.341232649,1.900437249
6.851,-0.907985271,1.790307427
6.866,-1.916610061,1.033695049
6.882,-3.057758036,0.090001631
6.898,-3.486744795,0.491996895
6.913,-3.323154299,0.33500032
6.929,-1.832124079,1.369635419
6.946,-3.460803571,0.489145572
6.962,-3.460803571,0.489145572
6.978,-0.355398737,0.305455846
6.994,-1.311438681,0.837730594
7.009,-2.306482187,0.86277655
7.025,-2.748870916,0.541192425
7.041,-1.530812616,0.368876573
7.057,-2.806254556,0.659553021
7.072,-5.73965521,2.410669472
7.089,-4.110467574,3.284863732
7.105,-4.110467574,3.284863732
7.12,-1.226239666,0.088252521
7.136,-1.938718441,0.127268787
7.153,-1.993328965,0.913354807
7.168,-1.257056548,0.624779359
7.184,-0.738945839,0.127417997
7.201,-0.530275462,0.604671484
7.216,-0.163392898,0.864893749
7.232,-0.430798442,0.052857982
7.248,-0.108524348,0.203958141
7.263,0.579911557,0.342711448
7.279,0.548067718,0.432757207
7.295,0.39675339,0.907260448
7.31,0.163149333,0.142746442
7.326,-0.022731258,0.275047219
7.343,-0.221880831,0.93676029
7.359,-0.011576175,0.702669991
7.375,0.170246317,0.196182613
7.392,0.327490121,0.988487729
7.408,0.833284947,0.735283826
7.424,1.200768339,0.601835268
7.44,2.469061473,0.565724553
7.455,0.555368122,0.449888253
7.471,-0.970083418,0.346732754
7.488,-1.976235524,0.53059868
7.503,-3.28661852,0.173052531
7.519,-0.928725118,0.590474148
7.534,0.235928056,0.445907673
7.544,1.997376952,0.971997708
7.556,2.532059068,0.756806281
7.571,1.665136928,0.333637982
7.587,1.07830494,0.248977153
7.604,0.901343094,0.192911292
7.621,0.84432903,0.627504381
7.637,0.969618204,0.7939631
7.654,1.016534191,0.120440262
7.671,0.835088931,0.581842569
7.687,0.674220771,0.188021901
7.704,0.248808248,0.27787428
7.721,-5.80393456,0.812430391
7.737,-10.78040533,2.526258624
7.754,-16.63626745,4.241025392
7.771,-16.03250383,5.077376382
7.788,-16.03250383,5.077376382
7.804,-9.007164151,3.868765617
7.821,-7.8491125,3.694395286
7.838,-5.883067344,3.331937627
7.854,-5.883067344,3.331937627
7.871,1.541534432,1.101445994
7.888,2.069203487,0.101074766
7.904,1.480040932,0.844917246
7.921,-2.739821802,-0.002113428
7.937,-2.094019645,0.681502329
7.954,-2.029378176,2.664742661
7.971,-2.029378176,2.664742661
7.988,-1.132357982,5.990604454
8.004,0.7271247,6.071993976
8.021,-0.011028409,4.490959879
8.038,0.536416842,0.805421139
8.054,0.425536106,0.156006345
8.071,0.932727182,0.545205778
8.088,0.932727182,0.545205778
8.104,1.467254168,0.069771048
8.121,1.484103189,0.394099933
8.138,0.970015911,1.152076872
8.153,0.672528673,1.32608493
8.169,0.076793555,1.193298596
8.185,-1.37926573,0.356756428
8.2,-2.339257782,0.285604562
8.216,-4.123925523,1.552656558
8.233,-4.200055989,1.899917829
8.249,-2.079109874,1.704473392
8.265,-1.709838925,1.530688896
8.282,-5.247492203,0.114025304
8.298,-9.545286465,0.80418615
8.314,-24.28898915,-0.083457468
8.331,-13.33696466,2.837606277
8.347,5.011333853,5.527423256
8.362,5.758863425,2.408611449
8.379,5.758863425,2.408611449
8.395,4.250165253,0.340471806
8.41,-3.701815283,0.664856058
8.427,-1.089554913,0.737099862
8.443,-0.307326675,0.363671145
8.458,0.026186419,0.1505234
8.475,-0.607007969,1.27360038
8.49,-2.046922808,3.681483505
8.506,-1.743666597,3.41250044
8.522,-0.957688842,2.266810818
8.539,-0.59957999,0.054526819
8.554,0.095115441,0.488926905
8.57,0.963296885,0.948026896
8.587,1.525784806,0.818111944
8.602,0.740044189,0.20576887
8.618,-0.248276651,0.086402482
8.635,-0.3779532,0.204130053
8.65,-0.186864094,0.53527991
8.666,0.006134893,0.038189331
8.683,0.342696413,0.419335597
8.698,0.141648716,0.506403233
8.714,-0.72409134,0.531347675
8.731,-0.984656642,0.319010904
8.746,-0.924967674,0.904180881
8.762,-0.95416547,0.843671776
8.779,-0.652763953,0.166998812
8.794,-0.286591543,0.959926073
8.81,-0.567058769,1.022432828
8.826,-1.828629802,0.731792894
8.841,-2.353354188,0.430467285
8.857,-2.651266627,0.262619786
8.872,-2.757258948,0.321209739
8.887,-0.582623338,0.859035282
8.903,0.173377901,0.479159395
8.919,0.823486922,0.945189932
8.934,-3.238435789,0.536502054
8.95,-7.306231045,0.247440791
8.966,-19.91101184,0.088213112
8.982,-19.91101184,0.088213112
8.997,-16.02928356,2.2489729
9.013,-9.527472826,3.24824983
9.029,-0.791958194,0.56345823
9.044,0.518296648,1.016818749
9.059,0.90627265,0.507483717
9.076,2.003378799,0.753259896
9.091,2.7231485,0.482572105
9.107,3.472584812,0.30931018
9.123,3.472584812,0.30931018
9.138,2.668342751,1.712573331
9.154,2.758631474,1.839004724
9.17,3.201961014,1.599243305
9.185,2.968454996,1.635935182
9.201,2.329366404,1.946517307
9.217,2.380930486,1.92046554
9.232,2.632022886,1.743772983
9.248,1.711564189,1.407620976
9.264,1.711564189,1.407620976
9.279,-0.953529712,0.522762688
9.295,-1.949689363,0.081654282
9.311,-3.255398321,0.085570105
9.326,-3.562444974,0.157834083
9.342,-3.562444974,0.157834083
9.359,-2.472973334,0.314138447
9.374,-2.024974694,0.468790129
9.39,-1.206561656,0.71052783
9.406,-1.206561656,0.71052783
9.422,-15.73721773,0.357927537
9.437,-22.78873828,0.730968552
9.453,-12.24830179,0.133190392
9.468,-2.671954965,1.633914896
9.484,7.898562797,3.277010204
9.5,4.165700655,0.664162029
9.515,4.165700655,0.664162029
9.531,-5.301866239,0.529300661
9.547,-9.266321529,0.79666831
9.562,-8.50661716,0.920554332
9.578,-6.837443165,0.374058776
9.594,-1.600526398,2.16582263
9.609,-0.109255537,2.275584592
9.624,-0.075061658,0.759100873
9.64,0.050842892,0.188715547
9.655,0.676815851,0.423256781
9.671,0.676815851,0.423256781
9.687,2.589515674,0.366717836
9.703,2.024071442,1.310962419
9.718,1.270898711,1.389930748
9.734,-0.754655056,0.085983258
9.75,-0.908638354,0.679075122
9.765,-0.48485405,0.156532654
9.781,0.150885693,0.394087935
9.797,1.22779706,0.064615044
9.813,1.380562468,0.428504558
9.829,1.208385253,0.609800217
9.845,0.308157104,0.232490994
9.86,-0.24882855,0.5881245
9.876,-0.52968879,0.725939419
9.892,-0.55684316,0.093794605
9.907,-0.772398643,0.359120892
9.923,-1.052255429,0.515527594
9.94,-1.052255429,0.515527594
9.955,-2.097528808,0.697352434
9.971,-3.533342958,0.815798148
9.988,-8.050015297,0.272417212
10.003,-9.699243827,-0.016257756
10.019,-12.21405279,-1.41429772
10.035,-8.813149052,-2.125509073
10.05,-6.199476598,-1.906716726
10.066,0.074771544,4.718384336
10.082,0.614749225,5.3426978
10.097,1.623386728,4.675160164
10.113,1.623386728,4.675160164
10.13,-0.898970829,1.70429347
10.145,-1.508123596,1.299556559
10.161,-2.160091955,0.797710675
10.177,-1.341186698,1.099771556
10.192,0.322683171,0.580770204
10.208,1.851037853,-0.887310967
10.225,2.23067901,-1.074524324
10.241,2.284033805,-0.748218959
10.256,1.815409951,-0.489902438
10.272,1.722933871,-0.441940314
10.288,1.722933871,-0.441940314
10.303,1.947088915,-1.494671539
10.319,2.179101835,-2.067896966
10.335,2.179101835,-2.067896966
10.35,0.829492874,-1.611434357
10.366,0.16674821,-1.077289779
10.382,-1.778094509,-0.075941851
10.397,-1.778094509,-0.075941851
10.413,-3.087794724,0.378684089
10.43,-4.39122756,2.636882683
10.445,-5.946366494,5.006309751
10.461,-18.1420687,6.877235041
10.477,-18.1420687,6.877235041
10.492,-18.75387466,5.156270392
10.508,-10.18864128,-1.431815224
10.525,1.677304233,-3.191902483
10.54,8.013323579,-3.838014729
10.556,8.996338453,-0.500114125
10.572,7.024504957,2.433276812
10.587,-5.746765027,7.91112399
10.603,-11.10715252,8.563413931
10.619,-8.265720933,0.312829202
10.634,0.776272217,-3.476118986
10.65,1.292471618,-3.314888091
10.666,0.938261809,-0.788889822
10.681,0.37808172,0.526100805
10.697,0.106155184,1.316480736
10.713,0.657757348,1.394777469
10.728,1.860963432,0.470956414
10.743,1.627038493,-0.744373006
10.759,1.396343236,-0.973781129
10.773,1.11722273,0.161056595
10.789,1.11722273,0.161056595
10.805,1.551952103,0.042239587
10.821,1.143491079,-0.266096696
10.836,-0.30373954,-0.887112197
10.853,-0.83276938,-1.024532349
10.869,-0.868122447,-0.919066001
10.884,-1.058926578,0.178492109
10.9,-1.341466062,1.67728271
10.917,-0.871868325,2.885538013
10.932,-0.609690622,3.587731568
10.948,-0.303079671,5.162878215
10.965,-0.303079671,5.162878215
10.98,0.67019669,6.671534891
10.996,0.58460575,7.067813678
11.012,0.153185667,7.544515443
11.028,-3.633109706,3.274931021
11.045,-3.633109706,3.274931021
11.061,-13.45792371,-0.574346017
11.076,-13.45792371,-0.574346017
11.092,-18.00293223,-2.504864357
11.108,-12.74949377,-3.398634254
11.124,-4.038998386,-5.2673218
11.14,-1.996770897,-5.927715208
11.156,0.599579794,-1.504290333
11.172,0.558512466,3.604994349
11.188,1.512606214,5.813338008
11.204,1.72384789,1.675874721
11.219,1.72384789,1.675874721
11.234,1.164797067,-0.412697609
11.25,1.311285168,-0.980740771
11.265,1.327077923,-1.601453221
11.281,1.155145967,-1.605625213
11.297,0.852230561,-1.398918592
11.312,1.414015658,-1.305495633
11.328,1.802409371,-1.239810867
11.344,2.11884403,-1.226537403
11.359,2.580434043,-1.087561643
11.375,2.171253825,-1.122918949
11.391,1.919174858,-1.126492335
11.406,1.319317853,-0.761400788
11.422,1.029132126,-0.343394424
11.438,0.617825687,0.27061284
11.453,-1.756917808,1.7051776
11.469,-2.489774165,1.72693213
11.484,-3.24784017,0.273719893
11.499,-3.254823149,0.351745674
11.515,-4.710723511,1.558530615
11.531,-4.710723511,1.558530615
11.547,-18.21697751,4.221010568
11.56,-17.46056726,3.794833252
11.571,-9.291988922,-0.586574349
11.588,-4.824966429,-2.932290713
11.604,2.384392809,-2.746396228
11.621,4.980740118,-1.169461315
11.638,4.980740118,-1.169461315
11.654,5.624961551,0.210111601
11.671,5.311839636,1.804354478
11.688,3.533168929,2.518451441
11.704,0.416246049,2.693262638
11.721,-3.229274524,2.675646039
11.738,-5.899522412,-0.478403844
11.754,-3.251803233,-1.721408068
11.771,0.90563868,-2.378809022
11.788,1.814605791,-0.991045114
11.804,2.174754583,1.251636121
11.821,2.147918351,1.549331608
11.838,2.001161483,1.668964905
11.854,1.449808739,1.530349812
11.871,0.343014192,0.648532156
11.888,-0.990244898,-0.087958028
11.904,-0.890152011,-0.353610426
11.921,-0.042116419,-0.273283454
11.938,0.23455286,0.747808996
11.954,-0.735456143,0.952227869
11.971,-1.429586379,0.996527305
11.988,-1.949708896,1.090817119
12.004,-1.587708065,0.921364961
12.021,-1.12345478,0.725748633
12.038,-1.153336249,1.339456645
12.054,-0.967823606,2.17284327
12.07,0.353595097,3.853179999
12.087,0.940670078,5.466445048
12.102,-0.924591099,7.504298933
12.118,-0.924591099,7.504298933
12.134,-2.562182244,6.147129944
12.15,-4.752535109,4.027050044
12.165,-8.431109282,1.063921905
12.181,-8.428005616,-1.20812777
12.197,-8.702092728,-2.063102896
12.212,-10.68253215,-4.084574865
12.228,-10.68253215,-4.084574865
12.243,-9.187721525,-4.379512355
12.259,-5.66794986,-5.221544019
12.275,-2.216385448,-2.706162024
12.291,0.108418972,3.875434903
12.306,0.108418972,3.875434903
12.322,-0.564443059,3.060337831
12.338,0.223096058,1.991655479
12.353,0.971313863,-0.65769203
12.369,0.971313863,-0.65769203
12.385,1.951892627,-1.243199641
12.4,2.452999285,-1.758448407
12.416,2.690907627,-2.009990234
12.432,2.70717568,-1.916179296
12.447,2.824190359,-1.71864284
12.463,3.15061751,-1.19725731
12.479,2.36767538,-1.154564099
12.494,1.885634861,-1.17643975
12.51,1.682346861,-1.126782943
12.526,1.537890539,-0.935685913
12.541,1.323151706,-0.682840956
12.557,0.220443009,0.355000442
12.573,-0.675857136,0.742475386
12.588,-2.37304809,1.444884771
12.604,-5.166419819,2.695184726
12.619,-8.005881256,2.769130374
12.635,-9.380316162,0.017018475
12.651,-8.605881811,-0.682308214
12.667,0.990138035,-1.434738229
12.682,0.113568082,-2.110288741
12.699,1.123088282,-0.738583431
12.715,1.123088282,-0.738583431
12.729,-17.73328478,2.537194888
12.744,-21.65056204,1.935318422
12.761,-14.04798587,0.67572481
12.777,2.410139039,-4.744367538
12.792,4.646391533,-4.608585468
12.808,7.416066933,-3.081061145
12.824,5.663676509,1.165357375
12.838,5.860011182,3.013228675
12.854,5.152015404,3.874445493
12.87,2.77626088,4.676369009
12.885,-8.968145714,1.734736954
12.901,-8.968145714,1.734736954
12.917,1.110988508,-1.988009553
12.932,2.909382145,-2.374631582
12.948,3.147654095,-1.24363364
12.964,2.849565899,-0.308447593
12.979,2.340542482,0.65771862
12.995,0.946439724,2.02496131
13.011,0.417134351,0.93036478
13.025,-0.090176034,-0.200962474
13.041,-0.557747833,-0.920096973
13.057,-1.231468229,-0.808409985
13.072,-1.231468229,-0.808409985
13.087,-1.896144328,-0.017323476
13.104,-2.210359294,0.86945525
13.119,-1.464034349,1.284452296
13.135,-0.986042634,1.553293298
13.151,-0.615298453,2.181664677
13.166,-1.589868702,4.691217398
13.182,-1.921135077,5.956212662
13.198,-1.645285702,6.697032922
13.213,-1.979243856,7.10742283
13.229,-6.290043902,5.928607307
13.245,-7.689303131,4.306239925
13.259,-6.061940703,0.718957176
13.275,-6.061940703,0.718957176
13.291,-10.15271628,-2.707984047
13.305,-11.21026502,-3.374079695
13.321,-11.21026502,-3.374079695
13.338,-4.009292593,-4.392170194
13.354,-3.381059193,-2.674887286
13.369,-4.852818537,1.828847291
13.385,-4.852818537,1.828847291
13.401,-1.833636517,3.333646502
13.416,-2.346173072,0.29306288
13.432,-1.74989615,-1.239446872
13.448,0.513868271,-1.138514963
13.463,1.526104354,-1.124973411
13.479,3.267699675,-1.099729388
13.496,3.694656154,-1.077176105
13.511,4.090856361,-0.824673364
13.527,4.374346907,-0.777346292
13.543,4.641256903,-1.268539648
13.558,4.257882703,-1.50033429
13.574,4.609871086,-1.079624043
13.59,4.214017846,-0.2021483
13.605,3.316464505,0.052121312
13.621,1.023036878,0.301879693
13.637,-0.175242388,0.287748871
13.652,-3.083083422,0.373134813
13.668,-5.417811785,1.14594273
13.684,-7.204076373,1.633289105
13.699,-5.453255748,0.621298209
13.715,-3.731430378,-0.543951409
13.73,-4.300922492,-2.737297736
13.744,-11.79815892,-2.821539579
13.76,-27.28933955,-0.360330232
13.775,-22.05601503,-1.068496754
13.791,3.914063235,-2.074633421
13.807,6.865432513,-2.75564915
13.824,10.17605071,-1.997507704
13.839,10.37046931,-0.396662748
13.855,9.350748764,1.605412372
13.871,-13.03294078,4.736838313
13.886,-13.03294078,4.736838313
13.902,-16.00525807,1.445159976
13.918,-5.439289013,-2.602874087
13.934,1.796409177,-3.740773227
13.949,1.796409177,-3.740773227
13.965,2.856978629,-3.307560205
13.98,1.995644737,-1.662404322
13.996,0.165333735,0.033545558
14.012,-1.095951538,0.599211011
14.028,-0.81205256,0.141737695
14.043,-0.232686828,-0.490008254
14.059,-0.883890349,-0.323829251
14.074,-1.383356354,-0.036219628
14.09,-1.041296644,0.944598766
14.106,-0.448057158,1.813284972
14.122,-0.117185035,1.95899804
14.137,0.455258327,1.442624465
14.153,0.560196229,-0.343466044
14.168,0.252008311,-0.836636374
14.183,0.020946589,-0.431649082
14.199,0.020946589,-0.431649082
14.215,-0.421454839,0.232507839
14.23,-0.110274208,0.578827555
14.246,0.259342606,0.4783319
14.262,0.342160633,0.496174324
14.278,-0.277587037,1.021225727
14.294,-1.027341507,1.735263864
14.31,-1.088852206,2.035099296
14.325,-0.577832637,2.34755538
14.341,-0.243232496,2.308348072
14.357,-0.567212468,2.139404057
14.372,-0.738549359,1.949669984
14.388,-0.887826547,1.704162888
14.404,-1.064415708,1.386610762
14.419,-1.696269397,-0.053485242
14.434,-1.789484339,-0.601638842
14.45,-1.646587788,0.952995772
14.465,-1.320852574,1.924522019
14.481,-3.268321184,2.645621071
14.496,-7.53475953,-0.122253966
14.511,-8.16569278,-1.667804352
14.527,-8.158604198,-2.661326426
14.543,-6.988838951,-4.195980762
14.558,-4.855857445,-5.337419269
14.574,-3.549422466,-5.768634127
14.59,-3.201112723,-4.126451313
14.605,-2.15375223,1.831093493
14.621,-0.282466374,4.751294693
14.637,-0.80822701,3.178832532
14.653,-0.870412574,2.113725826
14.668,-0.297154867,1.19572356
14.684,0.542350476,-0.160209855
14.7,0.569516699,-1.063239499
14.715,1.185326647,-1.509231341
14.731,1.47735878,-1.734596831
14.747,2.483761835,-1.90954253
14.762,2.483761835,-1.90954253
14.778,2.086541743,-0.783566018
14.794,0.815060087,0.169452481
14.809,-0.449612225,0.296770238
14.824,-0.373012253,0.137845841
14.84,-0.27322241,-0.049230223
14.854,0.505973157,-0.654090694
14.87,0.705344921,-0.86039434
14.886,1.062922661,-0.924996428
14.901,1.227438446,-0.600121413
14.917,0.981499565,-0.063016827
14.933,0.674758215,0.267064314
14.948,0.34670162,0.533370938
14.964,-0.186927737,0.855445293
14.98,-0.158338922,1.047043886
14.995,0.006691815,1.078243994
15.01,0.001336961,0.583372223
15.026,-0.386211641,-0.084447406
15.041,-0.671030632,-0.454480457
15.057,-1.673650125,-1.205692819
15.073,-2.104768752,-1.514722509
15.088,-2.487821101,-1.516905308
15.104,-2.487821101,-1.516905308
15.12,-1.456123348,-1.032114491
15.135,-0.56762514,-0.706134421
15.151,1.15414524,-0.418537863
15.167,0.96830839,-0.464911598
15.182,-8.980969533,0.354646985
15.197,-15.79022169,0.477566451
15.213,-26.51967029,-0.853547474
15.229,-8.275922371,-2.621764564
15.245,-2.095607524,-2.677413878
15.261,1.112068797,-0.105159995
15.277,2.473029582,0.712778791
15.292,5.922498052,0.88012335
15.308,6.121633471,1.302735483
15.324,6.121633471,1.302735483
15.339,-2.212700347,1.316971801
15.355,-12.18142469,0.946022941
15.371,-13.40093882,0.571575934
15.386,-8.097843639,-1.353404452
15.402,-1.008888449,-2.772566129
15.418,2.404313003,-2.436823286
15.433,1.932001381,-1.678369131
15.449,-1.38463765,0.350904097
15.465,-3.182206392,2.53480503
15.481,-1.819416046,2.127349653
15.497,-0.514294809,0.556016519
15.513,-0.227177724,-0.328779968
15.528,-1.269907166,-0.317003328
15.544,-0.190579686,-0.53100458
15.56,0.341254503,-0.393683657
15.574,-0.406180131,0.918759391
15.59,-0.74964368,0.827917884
15.606,-0.845074557,0.40229813
15.621,-0.459253718,0.187584749
15.637,-0.225586846,0.057081809
15.653,0.197605617,-0.102467017
15.668,0.197605617,-0.102467017
15.684,0.259755372,0.328308133
15.7,0.126943572,0.583946016
15.715,-0.050928109,0.998289282
15.731,0.10151254,1.374570884
15.747,0.234017239,1.618935671
15.762,0.195323612,1.641825532
15.778,0.147953798,1.631143148
15.794,0.081489881,1.52942797
15.81,0.276630294,1.325090343
15.825,0.527841148,1.174112445
15.841,0.621140201,1.259142959
15.856,0.480892743,1.367839236
15.872,-0.148851536,1.324677891
15.888,-0.280447866,1.415006304
15.904,-0.263638825,1.37755892
15.919,-0.263638825,1.37755892
15.934,-0.711112651,0.960768386
15.95,-1.775962851,0.835838559
15.965,-4.327568882,1.998234597
15.981,-5.128650261,2.69023974
15.997,-8.470568635,1.907388821
16.012,-8.501779276,0.372675691
16.028,-7.793275083,-0.692878654
16.043,-5.603561164,-2.890584671
16.058,-3.056263217,-4.854838239
16.074,-1.718812394,-5.83629443
16.09,-1.822500361,-6.419806585
16.105,-2.28478749,-6.98536634
16.12,-2.155701041,-4.582708972
16.136,-2.003900871,1.856458806
16.151,-1.182192745,2.379806998
16.167,-1.13645538,1.260164679
16.183,-2.197027795,0.397734032
16.198,-3.009292591,-0.424040274
16.214,-0.975408267,-2.17152719
16.23,-0.735503876,-2.136336522
16.245,-0.022653603,-1.864128532
16.261,0.404951413,-1.768319194
16.277,0.988260219,-1.502908983
16.292,1.041888889,-1.362678383
16.308,1.090128201,-1.339698294
16.324,-0.089973222,-1.052362135
16.339,-0.445142834,-0.79511752
16.355,-0.136245881,-0.851825616
16.371,0.435341327,-1.182078991
16.386,0.93342235,-1.392125212
16.402,0.810050914,-1.413264473
16.418,0.670277293,-1.438325765
16.433,0.221054264,-0.965552463
16.449,0.17960478,-0.628603581
16.465,0.097279339,-0.328216434
16.48,-0.071565883,-0.042465396
16.496,-1.021012083,0.062653318
16.512,-1.164641048,0.12439845
16.528,-2.400875571,0.174608732
16.543,-2.392046286,-0.077330481
16.559,-2.713230418,-1.015287884
16.575,-4.034815534,-3.378652651
16.59,-2.071948012,-3.566872246
16.605,-0.035238942,-3.01477302
16.62,2.796995556,-1.049698838
16.635,3.487098401,-0.311854222
16.651,0.12201063,-0.501209283
16.666,-13.17133493,0.863553128
16.681,-29.85093809,0.259882869
16.697,-26.57244205,-0.584061063
16.713,-4.043665875,-3.457278072
16.728,3.79973702,-3.918420807
16.744,4.775659306,-2.756980766
16.76,4.783645154,-0.974073982
16.775,5.372849198,1.262033288
16.791,3.645465472,1.369489318
16.807,-1.107443324,1.376047759
16.822,-4.708971364,1.456753467
16.837,-10.96178753,1.354950138
16.853,-7.976297425,0.692156128
16.868,-2.080656799,-0.158983852
16.884,2.96070729,-0.683802785
16.9,1.305736903,-0.471351563
16.915,-1.758083039,-0.053353701
16.931,-2.042680916,0.182663398
16.947,-0.522931453,0.433878072
16.962,-0.522931453,0.433878072
16.977,0.696669581,-0.203387534
16.993,-0.181279238,-0.532726259
17.009,-0.830411309,-0.694858949
17.024,-0.85470739,-0.37671228
17.04,-0.259296784,-0.05468608
17.055,0.069904418,0.2879885
17.071,-0.309467768,0.491296894
17.087,-0.336052905,0.082192967
17.102,-0.448329309,-0.195465993
17.118,0.069789744,-0.664252415
17.134,0.418413934,-0.538814076
17.15,0.234315954,-0.289434363
17.165,-0.292276031,0.436979084
17.181,-1.043327885,0.729779214
17.197,-1.315438947,0.633443856
17.211,-1.203258115,0.381563817
17.226,-0.931377397,0.421490895
17.242,-0.915747498,0.88290586
17.259,-0.806194478,1.925748708
17.276,-0.805133393,2.393647008
17.293,-1.400347678,2.949723801
17.309,-1.51854757,2.734116392
17.326,-1.103550332,2.058440628
17.343,-0.875843806,1.368105026
17.359,-0.995461522,1.395708065
17.376,-0.985300935,2.063312574
17.393,-1.094161383,2.483078982
17.409,-4.829832975,1.348414238
17.426,-7.048262162,-0.347210137
17.443,-9.081375916,-2.212503818
17.459,-11.36710631,-6.700304411
17.476,-9.595232477,-7.687800714
17.493,-5.557887514,-7.02571581
17.509,-4.240569327,-4.407987103
17.526,-1.70251184,-0.247783134
17.543,-0.791815271,0.795639031
17.559,-0.690273386,2.752746766
17.576,-0.626404871,2.642418144
17.593,-0.484188534,0.877962906
17.609,-1.102392609,-0.596928272
17.626,-1.102392609,-0.596928272
17.642,-1.754410282,-2.105748444
17.658,-1.621047624,-2.407234808
17.674,-0.374647419,-2.628554978
17.691,-0.374647419,-2.628554978
17.706,0.453268263,-1.323716938
17.722,0.413705563,-0.956944389
17.738,0.693390347,0.025585769
17.754,0.524804012,0.442751406
17.769,0.737496413,0.052401706
17.785,1.091614155,-0.012854447
17.801,0.373308295,-0.021162385
17.816,-0.096519015,-0.16042745
17.832,-0.096519015,-0.16042745
17.848,-1.62880864,-0.756021888
17.864,-1.497479121,-0.848846304
17.88,-0.990192195,-1.095969565
17.896,-3.310478002,1.046174975
17.911,-4.794219267,2.246524791
17.927,-4.319751549,2.438001978
17.943,-3.405500465,1.791250855
17.958,0.369191538,-0.01504865
17.974,-0.156452866,-0.027573988
17.99,-9.443856602,0.261243604
18.006,-21.91867866,-1.692348854
18.022,-13.75735941,-4.550577812
18.038,-0.134629694,-6.007102483
18.053,-0.134629694,-6.007102483
18.069,7.049766538,-3.295242497
18.085,7.453146227,-2.141466381
18.1,3.582818933,0.194633779
18.116,0.321453699,0.663640643
18.131,-9.208314199,0.901934569
18.146,-13.21022551,0.402936469
18.161,-11.12697214,0.335937747
18.177,0.144483698,-0.909322181
18.192,1.394005452,-1.461074641
18.207,-0.39805715,-1.812767609
18.223,-0.958944547,-1.747735842
18.238,-2.037370036,-1.204386948
18.254,-2.264876847,-0.954948258
18.27,-3.286459399,-0.594128943
18.285,-4.177727637,-0.482274051
18.301,-4.449852964,-0.367778075
18.318,-3.286074003,-0.432280173
18.334,-3.286074003,-0.432280173
18.349,-2.284361413,-1.094471014
18.365,-2.373434489,-1.375440246
18.381,-2.174467565,-1.34283453
18.396,-2.153922559,-1.060473047
18.412,-2.276855702,-0.595281827
18.427,-3.230117924,0.229477275
18.441,-3.342723246,0.014568745
18.457,-2.937368768,-0.172477245
18.473,-2.745288361,-0.478219936
18.488,-1.716641281,-0.588073137
18.504,-0.610560531,0.201590342
18.52,0.586977523,1.895212865
18.535,-0.177933824,2.106687988
18.55,-2.10761019,1.408501085
18.566,-3.081482971,0.042580216
18.581,-2.840871081,-0.822349774
18.597,-2.058324451,-1.863725856
18.613,-2.079165958,-1.349961291
18.628,-2.108661477,-0.259219354
18.644,-2.108661477,-0.259219354
18.66,-1.325282376,-1.258729025
18.675,-1.244864048,-1.962784266
18.691,-0.54677793,-2.339557487
18.707,0.872999287,-1.039580786
18.722,0.872999287,-1.039580786
18.738,1.39211948,0.064829695
18.754,1.059038242,0.409352397
18.769,0.469839276,0.862648767
18.785,-1.296578655,1.301810981
18.801,-1.612301592,1.536753484
18.816,-1.611886943,1.659176012
18.832,-1.898671866,1.678765886
18.848,-2.299991915,1.477842663
18.863,-2.373162397,-0.397416585
18.879,-2.27014879,-0.942081818
18.895,0.050701344,-1.03663475
18.91,1.732826594,-0.063114205
18.926,2.08115546,0.213475563
18.942,1.469157182,0.204985557
18.958,0.886194579,0.036627215
18.973,0.524554364,-0.35977653
18.989,0.712141908,-0.296365969
19.005,0.755924848,-0.193889306
19.02,0.156322915,-0.052293355
19.036,0.156322915,-0.052293355
19.052,-0.347985892,-0.095250857
19.067,-0.267245219,-0.131407924
19.083,-0.159500946,-0.174729808
19.099,-0.290377421,-0.311525331
19.114,-1.123011601,-0.739217146
19.13,-1.285575776,-0.944628602
19.146,-1.352135956,-1.06376296
19.161,-0.913737312,-1.35324531
19.177,-1.497283442,-0.850493285
19.193,-2.974366029,-0.201425898
19.207,-4.693826581,0.004704892
19.223,-12.65282868,-0.528628344
19.239,-12.65282868,-0.528628344
19.253,-9.49843311,-1.217090609
19.269,-1.562752944,-0.368582386
19.285,-0.331004493,-0.039490474
19.3,4.005452982,-0.871821159
19.316,4.921637466,-0.704104178
19.332,4.53469443,-0.407401936
19.347,4.53469443,-0.407401936
19.362,-1.678086852,0.951704885
19.378,-7.483599512,1.557413395
19.393,-13.78455344,2.173558674
19.408,-5.081797487,0.222879699
19.424,0.639780864,-0.610296887
19.439,0.062887698,-0.228965043
19.455,-0.102430574,0.53512954
19.471,-2.73439234,1.916063705
19.486,-3.670877103,2.268398027
19.502,-2.726472505,1.365162895
19.518,-2.726472505,1.365162895
19.533,-0.379830706,-1.030677618
19.549,-0.372413827,-0.014797758
19.565,0.109589179,0.439485298
19.58,0.438543313,0.800634242
19.595,0.195449996,1.693618445
19.611,-0.131798004,1.62755731
19.627,-0.131798004,1.62755731
19.642,-0.776521743,1.16424129
19.658,-1.054966985,1.014570709
19.673,-1.110282602,0.865579114
19.689,-1.023689246,0.848029505
19.704,-0.881124065,0.964715188
19.72,-0.607555695,0.840504379
19.735,-0.428774448,0.756646073
19.751,-0.248815182,0.688451228
19.767,0.082925886,0.452784256
19.782,-0.247768118,0.373569085
19.798,-0.247768118,0.373569085
19.814,-1.192986382,0.215264233
19.829,-1.416853591,0.320498618
19.844,-1.349186764,0.468033154
19.86,-1.214409832,0.680316961
19.875,-0.890277767,1.381573755
19.891,-1.502994591,2.050119069
19.907,-2.015170732,2.458438136
19.922,-2.633492808,3.37288409
19.938,-2.699052616,3.861780857
19.954,-2.58706807,4.415579865
19.969,-4.411669087,4.006581061
19.985,-6.057643381,0.890055624
20.001,-6.573389882,-0.406639681
20.016,-5.377306264,-2.060824961
20.032,-1.581162908,-3.504144927
20.048,-0.686211283,-3.824915067
20.063,1.801788739,-3.958314192
20.079,1.887846671,-3.637052752
20.094,0.01979053,-2.616986791
20.11,-1.372162786,-1.400569085
20.125,-2.866189918,-0.257045385
20.141,-2.005227102,2.129181876
20.156,-1.570813457,1.526085411
20.172,-0.708203406,0.317441044
20.188,-0.708203406,0.317441044
20.203,0.764170673,-0.469126238
20.219,1.20070875,-0.541477553
20.235,1.427527907,-0.304961998
20.249,1.322993221,-0.060498747
20.264,1.179815988,-0.121361585
20.28,0.804630075,-0.397363029
20.296,0.300628004,-0.492918786
20.312,0.690295,-0.133397615
20.328,0.94216692,0.121379771
20.343,0.838827805,0.192234148
20.359,0.698579652,-0.213943697
20.375,0.456120593,-0.614274468
20.391,0.588334953,-0.304699509
20.406,0.691781815,-0.187622755
20.422,0.341227806,0.305620028
20.438,0.118346565,0.509776368
20.453,-0.239908851,0.816852513
20.469,-0.239908851,0.816852513
20.485,-0.404451447,1.468636423
20.5,-0.252246089,1.626177296
20.516,-0.238777906,1.698539471
20.532,-0.558310842,1.107325925
20.547,-0.517498074,-0.018041272
20.563,-0.920792272,-1.270493094
20.579,-0.920792272,-1.270493094
20.594,-4.320052334,-2.719013411
20.61,-4.060145473,-2.777124247
20.626,-4.757266144,-2.695179749
20.641,-4.757266144,-2.695179749
20.657,-9.681484077,-1.095090515
20.673,-10.47158601,-0.328320071
20.688,-6.401014544,0.069613172
20.704,-2.501459531,0.119201002
20.72,2.390899422,-0.176736435
20.735,5.159156363,1.35528969
20.751,5.146372189,1.897966081
20.767,3.843945897,2.697717666
20.783,2.323385562,3.134579425
20.797,-4.987435562,3.341488234
20.813,-6.681154426,1.805638278
20.829,-5.762655339,0.865735911
20.844,0.352402803,-1.214586855
20.86,0.882136512,-0.828532227
20.876,0.62555536,0.366232075
20.891,0.62555536,0.366232075
20.907,-0.377953267,1.431419054
20.923,-1.027446922,1.516824236
20.938,-6.874269509,4.320040062
20.954,-1.137717208,3.199265287
20.97,-0.368508768,0.213725981
20.985,0.375240199,1.005324502
21.001,0.417953966,1.006310119
21.017,0.430077357,1.125011065
21.032,0.514134161,1.186772435
21.048,0.071638627,1.104923178
21.064,-0.088270787,1.086591017
21.079,-0.249964258,1.215663927
21.095,-0.486481916,1.400570571
21.11,-0.464857626,1.630821956
21.125,-0.309169526,1.37029546
21.141,-0.210543432,1.108391275
21.157,-0.100720106,1.084616173
21.172,-0.335726356,1.841503853
21.188,-0.646807098,2.066624279
21.204,-0.668164545,2.109632982
21.218,-0.180900118,1.558025626
21.233,0.367073122,1.44189101
21.249,0.546452735,1.370326308
21.264,-0.076680845,1.44538188
21.28,-0.076680845,1.44538188
21.296,-2.143215801,1.124396708
21.311,-2.439180228,1.130499846
21.326,-2.460043939,1.378611426
21.342,-1.70278111,1.860781501
21.357,-1.458298694,2.209133388
21.373,-4.149509832,2.96992344
21.389,-4.149509832,2.96992344
21.404,-4.476337857,3.085107387
21.42,-6.492822888,1.591384992
21.436,-4.997863936,-0.677467024
21.451,-4.507480462,-1.601352969
21.466,-3.369004619,-3.660675
21.482,-3.490407633,-4.517645332
21.497,-4.917830136,-4.529160918
21.512,-3.630201387,-2.347056764
21.527,-2.251977646,-0.935125355
21.542,-0.861481537,0.402419784
21.558,0.668791478,3.659834396
21.574,0.249781995,3.346611269
21.589,0.176835095,2.545826349
21.605,-0.037698896,0.902790844
21.621,-0.24243445,0.35261405
21.637,-0.824758336,-0.625908962
21.652,-1.06405191,-0.967195708
21.668,0.026405278,-1.113708099
21.684,0.841909397,-1.004776042
21.699,1.130038545,-0.955933955
21.715,1.526041722,-0.853582765
21.731,1.379035335,-0.60616856
21.746,0.567680066,-0.05631134
21.762,0.074809511,-0.125574047
21.778,0.582919697,-0.301027084
21.792,0.948790211,-0.316428774
21.808,1.046781912,-0.166744711
21.824,1.023478834,0.21252665
21.839,0.657520667,0.4511847
21.855,-0.533855988,0.361841215
21.871,-1.198217969,0.344849643
21.886,-1.619102191,0.446230918
21.902,-2.060612203,0.919020239
21.918,-2.900112341,1.034008996
21.933,-3.188826611,0.499919407
21.949,-3.205442883,0.22400545
21.965,-0.28614736,0.728990689
21.98,0.440144247,0.597765402
21.996,-5.790823053,0.822844003
22.012,-5.790823053,0.822844003
22.028,-11.21610081,0.597228085
22.042,-15.15893941,-2.052565343
22.058,-2.700256718,-2.951342232
22.073,3.367280946,0.738052476
22.088,4.388361456,1.803267467
22.104,5.68224337,2.794136146
22.12,5.830131055,2.670879184
22.135,3.687988408,1.906667969
22.151,3.687988408,1.906667969
22.167,-3.787345202,1.647886964
22.182,-9.666783887,0.469074149
22.198,-5.967556805,-0.859538623
22.214,-0.052553054,-0.536877625
22.229,1.331375868,-0.372553153
22.245,0.876149133,0.521315249
22.261,0.815822181,1.337167328
22.276,1.771021498,1.886128495
22.292,1.895496599,2.032990021
22.308,1.910046779,2.051263258
22.323,0.065158904,0.860296734
22.339,-0.691253161,0.220703873
22.355,0.220295287,0.50123986
22.37,0.805649775,1.031346692
22.386,0.358418108,0.823246615
22.402,-0.083194814,0.512860223
22.417,-0.577104481,0.223717452
22.433,-0.995347745,0.018377095
22.449,-0.454000484,0.137189319
22.464,-0.156612951,0.321483751
22.48,0.128386647,0.746804017
22.496,0.128386647,0.746804017
22.511,-0.145865529,2.055268685
22.527,-0.781294206,2.865120897
22.543,-1.010405445,3.357941015
22.558,-0.766235251,4.179429941
22.574,-0.702993184,4.317925931
22.59,-1.903334847,3.610931705
22.605,-1.903334847,3.610931705
22.621,-3.480088659,2.611810105
22.636,-2.562740302,2.922527181
22.652,-2.021287511,3.00724614
22.667,-0.468073332,4.03550871
22.683,-2.039316597,4.140084622
22.699,-6.73969061,2.071804933
22.714,-6.73969061,2.071804933
22.73,-11.99778069,-4.578197329
22.745,-12.02567843,-5.843513673
22.761,-9.071038947,-8.968621382
22.777,-4.270392072,-7.480341538
22.793,-3.050282197,-4.68402595
22.807,-1.12789252,0.516570208
22.823,-0.822545258,3.134728835
22.839,0.259814201,4.364261808
22.854,-0.016623154,3.005011529
22.87,0.858846291,0.630514721
22.886,0.796268014,0.237262821
22.901,0.385662095,-0.233465015
22.916,2.310648105,-2.07159738
22.932,2.555569614,-1.887584349
22.947,3.879262376,-0.353945833
22.963,3.879262376,-0.353945833
22.979,3.604187146,0.037528766
22.994,3.12126713,0.151877299
23.01,2.336945357,-0.177352056
23.026,2.129557903,-0.289631293
23.041,1.775137056,-0.168792724
23.056,1.020568537,-0.168604286
23.072,0.337528346,-0.294883293
23.087,-1.027504864,-0.22013509
23.103,-3.022577135,0.337143663
23.119,-9.767474085,1.765794441
23.134,-12.81640536,1.990511614
23.15,-7.130291396,0.526682396
23.166,-7.130291396,0.526682396
23.181,-1.846389278,-2.425256232
23.196,-2.788776651,-2.322265125
23.212,-6.276824198,-0.487429968
23.228,-11.47268626,-1.187105812
23.243,-11.47268626,-1.187105812
23.258,-0.320472138,-1.772164715
23.273,6.281018372,-1.965855103
23.289,5.754856558,-0.094961357
23.305,1.921761677,1.468187578
23.32,-1.933042661,3.236117589
23.336,-8.142152727,4.453315462
23.351,-2.750929608,-1.012435937
23.366,-0.779735709,-2.391786127
23.382,-0.779735709,-2.391786127
23.398,1.230615867,-2.063277909
23.414,1.621663152,-0.769492893
23.429,3.095555672,0.582883318
23.445,3.301939056,1.211219932
23.461,2.032850467,1.997268739
23.476,0.744969634,0.874262997
23.492,0.87218483,-0.031215281
23.508,-0.623220776,0.066415576
23.523,-0.623220776,0.066415576
23.539,-0.555965379,1.041353157
23.555,-0.385968021,0.603106443
23.57,-0.936274141,0.013592865
23.586,-0.87122,-0.029946502
23.602,-0.555584808,0.235946083
23.617,-0.703947505,0.267237766
23.633,-0.81600209,1.664896383
23.649,-0.569492917,3.364070171
23.664,-0.69984385,4.196315707
23.68,-1.052943619,4.949813493
23.696,-2.22586225,5.148572479
23.711,-3.101413406,2.822229201
23.727,-3.46349917,1.90854349
23.743,-3.313745355,1.400476424
23.758,-3.465163849,1.868448292
23.774,-4.690597009,1.560855267
23.789,-11.0913034,-1.176331798
23.804,-15.55995075,-3.343037947
23.82,-15.49981089,-10.00012259
23.836,-9.433145888,-10.30830894
23.851,-4.737323723,-5.215807344
23.867,-3.01902195,-1.236390728
23.883,-1.730610477,2.082513171
23.897,-1.689696854,4.561111431
23.913,-1.056799566,3.628370942
23.929,1.266507325,2.566888957
23.944,2.620958474,1.156185545
23.96,3.845594402,-0.557720761
23.976,3.845594402,-0.557720761
23.992,4.41540582,-2.098868466
24.007,4.262678975,-2.493550738
24.023,3.874125387,-1.78928041
24.039,3.789261246,-1.012060511
24.054,3.789261246,-1.012060511
24.07,3.810028387,0.202344388
24.086,3.810028387,0.202344388
24.101,3.24287533,0.540841706
24.117,2.263834844,0.650736404
24.133,0.10743242,0.159597611
24.148,-1.331922637,-0.390122878
24.164,-4.979625841,0.675033069
24.18,-9.148657798,2.205561822
24.195,-18.78875862,1.645645692
24.211,-15.71560234,-0.215650298
24.226,-1.177548287,-4.355285376
24.241,4.412335194,-3.235433382
24.257,0.502757777,-1.793688618
24.273,-15.22649279,-1.355613696
24.288,-22.47897624,-1.140846228
24.304,-24.79919051,-0.450291251
24.32,-4.797762839,-1.486780131
24.335,8.389697689,-2.211092327
24.351,4.181248344,0.069592776
24.367,1.446263892,1.645112245
24.382,-4.332520389,4.36787017
24.398,-7.052085113,4.207168221
24.414,-7.04247985,0.891276473
24.429,-7.04247985,0.891276473
24.445,0.82949091,-0.506429065
24.461,2.001008547,-0.437265764
24.476,2.280577303,0.094277063
24.492,3.164262004,1.364913617
24.508,3.174447674,2.246640341
24.524,1.92454367,2.002689219
24.539,1.92454367,2.002689219
24.554,1.741030267,0.243743384
24.57,0.971115851,-1.125558643
24.585,-1.45838852,-2.20991379
24.601,-2.464805708,-1.905032856
24.617,-2.112499443,0.204549421
24.632,-1.708366253,0.586095361
24.648,-1.708366253,0.586095361
24.664,-3.660400185,0.551555844
24.679,-1.587224666,2.733854001
24.695,-0.362015489,5.617458913
24.711,0.054839291,6.750286934
24.726,-0.256525759,7.798233616
24.742,-1.836153675,7.741922018
24.758,-1.07846077,3.189474281
24.773,-1.567443797,-1.35184755
24.789,-4.821663793,-2.489557499
24.805,-11.55568434,-3.566830247
24.82,-17.29142839,-4.9940871
24.836,-21.79287418,-6.813682569
24.852,-14.47059906,-9.856976838
24.867,-6.526533145,-7.62598541
24.883,-5.08499613,-4.411149973
24.898,-3.949713934,0.782810374
24.912,-4.478056163,2.884810916
24.928,-2.854816464,2.975354622
24.944,1.687714832,1.911909438
24.959,1.898782172,1.299476704
24.975,1.788753899,0.611201324
24.991,2.014714104,-1.034055286
25.006,2.357812425,-1.634896126
25.022,2.5003208,-1.705221722
25.038,3.171447867,-1.434301166
25.053,4.087748557,-1.227674424
25.068,4.349947679,-0.397550297
25.084,4.113326962,0.474789843
25.099,4.255140779,0.631195073
25.115,4.103186599,0.716211126
25.131,2.995518522,0.040136251
25.146,1.102862608,-0.654970581
25.162,-0.909439612,-0.783735983
25.178,-5.794387774,-1.678512765
25.194,-10.82922563,-3.51356742
25.209,-10.82922563,-3.51356742
25.225,-4.295093596,-3.420742248
25.241,-4.03996953,-3.52041735
25.256,-14.54798844,-2.168302077
25.272,-15.27766757,-0.187588406
25.288,-12.10457,0.257112742
25.303,-6.12968993,0.058124053
25.319,7.34900409,-1.217274459
25.335,7.018072039,-0.544363582
25.35,3.460716893,0.314028187
25.366,-5.064402269,2.87237048
25.382,-13.03902351,3.790218517
25.397,-13.10118865,2.124915024
25.413,-8.983246285,-0.367602525
25.429,0.004508269,-2.009336896
25.443,0.897616669,-1.992361876
25.459,2.471189652,-0.913588173
25.475,2.435512591,0.425972695
25.49,1.963168073,0.959110858
25.506,1.406819552,1.357335403
25.521,0.60814855,1.365741113
25.536,0.419156497,1.023222959
25.552,-0.174268526,0.075788744
25.568,0.025276745,-0.64659551
25.583,0.131568491,-0.810001545
25.599,-0.102397333,-0.698977645
25.615,-1.14525496,-0.017421208
25.63,-1.261567195,0.18697477
25.646,-1.059708472,0.360463138
25.662,-0.14905853,0.559111478
25.677,-0.799213153,0.773261844
25.693,-1.098413508,0.942338016
25.708,-1.240016413,1.401672133
25.723,-0.859557733,2.82078241
25.738,-1.567158621,2.732761274
25.754,-2.186989771,1.265358629
25.77,-2.290639668,0.32276666
25.785,-2.076485736,-0.308646411
25.801,-2.076485736,-0.308646411
25.817,-3.814448935,0.761112987
25.832,-6.097857261,0.112048322
25.848,-8.683144645,-2.942378146
25.864,-10.72394503,-4.685835561
25.879,-11.53855039,-7.468180361
25.895,-5.815262421,-7.301250266
25.911,-4.020301312,-5.232439817
25.925,-3.772294091,0.547941927
25.941,-2.204060718,4.04150933
25.957,-2.074765982,1.247308184
25.972,-1.191687981,0.318097401
25.988,-0.726039678,0.042754245
26.004,1.333040256,-0.163328279
26.018,0.244553814,-0.910156401
26.034,2.057659106,-1.904492849
26.05,2.448613108,-2.028210799
26.065,3.332742606,-1.787697644
26.081,3.187146524,-1.447086891
26.097,3.172562126,-1.110649255
26.112,3.61157002,-0.755866874
26.128,3.020524199,-0.387070904
26.144,2.619556787,-0.121395863
26.159,2.107838202,-0.250933584
26.175,0.529983922,-0.634379581
26.191,-0.079932933,-0.655682156
26.206,-0.666095234,-0.604317168
26.222,-1.843541117,-0.316779129
26.238,-3.740511985,-0.996359931
26.254,-4.827441355,-1.265984302
26.269,-8.101725494,-0.352859567
26.285,-7.084782559,-0.160899234
26.3,-3.353092952,-1.128898877
26.315,-2.402439691,-2.594053252
26.331,-7.118487549,-2.721783445
26.346,-16.177424,-2.642494182
26.362,-10.03254285,-3.390361171
26.378,2.236096432,-4.358854137
26.393,5.227076177,-4.667578728
26.409,7.457435198,-3.190103202
26.425,4.223339826,-1.11245227
26.44,-3.623442648,1.657869988
26.455,-11.47747735,2.111323654
26.471,-8.751410318,-0.215350855
26.486,-2.595867834,-3.29555303
26.502,-0.968935539,-3.178978035
26.518,1.744023376,-2.445078018
26.533,2.415302711,-1.988899972
26.549,2.838840963,-1.446751913
26.565,2.974145429,-0.472656919
26.581,-0.287104448,0.263254854
26.596,-0.955002473,-0.32451965
26.612,-1.49676085,-0.467982266
26.628,-1.796710567,-0.378300009
26.643,-1.700645117,-0.053640042
26.659,-0.958315454,0.31970583
26.675,-0.284702777,0.322831003
26.69,-0.075953885,0.09467203
26.706,-0.443617252,-0.122060455
26.722,-1.969962313,-0.360440398
26.737,-1.925767794,0.008371548
26.753,-1.433464529,1.206036734
26.769,-1.14015199,2.729893642
26.784,-1.20684365,3.471169822
26.8,-1.512838256,4.242091283
26.816,-1.71212889,3.863414536
26.831,-2.636603334,1.393177343
26.847,-2.90774472,0.404694987
26.863,-6.644981282,-0.03149155
26.878,-10.23586334,-1.865605959
26.894,-9.014062124,-3.996074936
26.91,-6.705351093,-5.914175076
26.925,-6.711394952,-7.754454007
26.941,-5.688184629,-10.4063802
26.957,-5.632113925,-10.70909192
26.972,-4.470586095,-9.988497434
26.988,0.442070198,-0.398768876
27.003,-3.381577698,6.858258931
27.019,-5.304436162,7.883233006
27.034,-2.032641735,0.398807316
27.05,-0.691866928,-0.842899365
27.066,0.977956886,-2.000961048
27.081,2.370473977,-2.150686648
27.097,2.945886351,-1.890295364
27.112,3.231184945,-1.379475432
27.128,3.568632067,-0.451054701
27.143,2.177123076,-0.193197772
27.159,1.94401022,-0.522854366
27.174,2.050205141,-0.772246931
27.19,2.49117945,-0.769261603
27.206,2.267709791,-0.846327437
27.221,1.890662623,-1.169781908
27.237,1.565343411,-1.278791271
27.253,1.256460724,-1.288053747
27.268,0.506584709,-1.147949916
27.284,-6.602314553,1.176485878
27.3,-10.24031342,1.659553414
27.315,-15.21237547,-0.420113463
27.331,-9.853944168,-3.625344868
27.347,-10.44732479,-4.6910035
27.362,-9.066007395,-2.943604999
27.378,-5.322447623,-1.208505473
27.394,3.412609269,-1.677428412
27.409,6.68045062,-2.455234913
27.425,7.217050708,-2.647718213
27.441,3.866756704,-1.528726979
27.456,-1.015971269,0.13612868
27.472,-15.49345979,4.427365745
27.488,-16.8654696,3.932387683
27.503,-4.237028011,0.047218413
27.519,-4.237028011,0.047218413
27.534,-0.265848927,-0.832882316
27.549,1.055042489,-0.449926349
27.565,2.070299678,0.079046748
27.581,1.385544917,1.065730768
27.596,0.528705623,1.503590066
27.612,1.064844007,1.396038549
27.628,1.110999671,0.842189922
27.643,0.423616886,-0.641909649
27.658,-0.224246068,-0.903782656
27.674,-0.557821127,-0.829153812
27.689,-0.028048806,0.335586448
27.704,0.45391892,0.857931274
27.72,0.150700099,0.574532251
27.736,-0.534957145,0.239879401
27.751,-1.063156183,-0.075637173
27.767,-2.833975369,-1.087048544
27.783,-3.637175142,-1.634769962
27.798,-2.96719122,-1.197846234
27.814,-1.990020609,0.709963209
27.83,-0.8037519,2.528819001
27.845,-0.162987192,6.145264988
27.861,-2.763443109,8.158420906
27.877,-2.975128063,8.437615807
27.892,-8.303241318,4.652185737
27.908,-9.681131831,2.730298311
27.924,-9.149339965,-1.132123295
27.939,-8.825224171,-2.838394088
27.955,-9.986895919,-6.032296192
27.971,-8.596368594,-6.848901451
27.986,-6.324423168,-4.510261678
28.002,-4.951536931,-2.657495074
28.018,-3.409333501,0.095951014
28.033,-3.773815282,1.476663479
28.048,-3.724173165,2.700851931
28.064,-3.023469924,2.223294683
28.079,-3.351237404,2.129309673
28.094,-1.803588714,1.166071141
28.11,-0.929438641,0.754514041
28.125,0.806020899,-0.159407329
28.141,3.007175189,-1.285456112
28.157,2.855825181,-1.11864936
28.173,2.916166469,-1.045991204
28.188,3.15524089,-1.037971839
28.204,3.537863469,-1.182972679
28.219,3.540068469,-0.965295239
28.235,3.759256649,-0.617720207
28.251,3.838638123,-0.462189199
28.267,3.459934908,0.394553236
28.282,1.665862281,1.401131978
28.298,-1.318759538,1.912493584
28.314,-3.631915879,1.575751684
28.329,-11.60102046,0.173504144
28.345,-11.11895574,-1.047366482
28.361,-11.11895574,-1.047366482
28.376,-4.360556864,-1.380328078
28.392,-9.902392673,-0.136385581
28.408,-9.52327426,1.243171607
28.423,-5.545693888,0.058243566
28.439,-0.833453355,-0.873092907
28.455,5.88988653,1.065651616
28.47,6.049747756,1.911208746
28.486,4.577805252,3.59696354
28.501,-0.101378763,4.820571162
28.516,-11.83426703,5.765899841
28.532,-13.8832098,3.975632415
28.546,-8.878576544,-1.079508025
28.561,-2.271252592,-2.756859276
28.577,-0.310419739,-0.951526143
28.593,-0.923255803,1.965553396
28.608,-1.257221075,2.238007104
28.624,-0.701116369,1.716928293
28.64,0.467040565,0.894310275
28.655,2.820947577,-0.161023863
28.671,2.636109969,-0.292249462
28.687,0.979146649,-0.329063779
28.702,-0.955870655,-0.020186379
28.718,-1.200148135,1.266371791
28.734,1.053971657,1.326038973
28.749,0.890199602,1.325913369
28.765,-0.351624961,1.093075334
28.781,-0.850437036,0.910519718
28.796,-1.284018148,0.566254844
28.812,-0.81150945,0.781625345
28.827,-0.892370725,1.875389182
28.842,-1.18643492,3.47496255
28.858,-0.983111796,4.427772846
28.874,-0.883247909,5.266488343
28.89,-0.883247909,5.266488343
28.905,-2.101683045,3.767720279
28.921,-1.692205544,2.836200097
28.937,-4.917817377,1.952300119
28.952,-4.917817377,1.952300119
28.968,-4.891999788,2.211143676
28.984,-6.054078227,1.52697987
28.998,-5.038117569,0.188215495
29.014,-2.03103657,-3.549879808
29.03,-6.200840889,-4.670368912
29.045,-7.923730587,-2.749248734
29.061,-5.773900777,-2.830377746
29.077,-2.486980932,-2.756648727
29.092,-1.073306432,-1.659634248
29.108,1.140523183,1.234375548
29.124,0.194464773,2.926506356
29.139,-3.511464626,3.623201939
29.155,-3.136284041,1.155296663
29.171,-3.136284041,1.155296663
29.186,-2.349319198,0.49054988
29.202,0.656770654,-1.881478045
29.218,1.093810437,-1.918310368
29.233,0.956921453,-1.458738428
29.249,0.429492231,-0.112494185
29.265,1.026656821,0.509431398
29.28,1.99914625,0.490438953
29.296,2.296590604,-0.255405886
29.312,2.374534187,-0.205766002
29.327,2.137590962,0.374803277
29.343,2.145126596,0.642930129
29.357,1.987225961,0.814229436
29.372,1.556412275,0.7918399
29.387,0.136481747,0.318501985
29.403,-2.483137824,0.235519144
29.416,-3.880091934,1.160284923
29.43,-3.47043138,1.857907159
29.446,-3.125399323,2.231333739
29.462,-2.501150951,2.127413065
29.477,-9.353969006,-0.023045625
29.493,-17.52959025,0.168570454
29.509,-14.44969963,-1.303955373
29.524,-7.147089671,-2.351144619
29.539,1.568928726,-1.099743662
29.555,1.896361826,-0.329658705
29.569,0.375297956,0.134738752
29.585,-2.491497164,1.993450269
29.601,-3.455049598,2.112066745
29.615,-3.455049598,2.112066745
29.631,-1.199963338,1.770110203
29.647,-0.806009646,1.606034103
29.661,-1.60897502,1.415039074
29.677,-0.97336206,0.794696882
29.693,-0.152288669,0.943449486
29.708,0.021268937,0.90020108
29.724,0.021268937,0.90020108
29.739,-0.714463684,0.743359154
29.754,-1.293182435,-0.090173595
29.77,-1.476386386,-0.849974521
29.786,-0.68444433,-0.645224687
29.801,0.590066034,0.430231812
29.817,0.74963973,0.272072037
29.833,-1.896366273,-0.486291431
29.848,-1.546046615,-0.437865537
29.862,-0.742680289,-0.604634736
29.878,-0.064654085,-0.757844028
29.892,0.138295315,0.343536574
29.908,-0.495293112,1.477137131
29.924,-0.720005459,1.619184026
29.938,-1.708280757,1.51288736
29.954,-2.167889605,1.325994179
29.97,-3.898055306,1.076415996
29.985,-3.79173527,0.860707519
30.001,-3.551405523,0.67200826
30.017,-3.12573719,0.59651146
30.032,-1.064918704,0.761615844
30.048,-0.978754036,1.241378424
30.064,-1.025166143,1.931627381
30.079,-3.058453444,1.849875489
30.094,-4.491196328,1.732948629
30.11,-4.160628672,0.348888036
30.126,-1.770995393,-0.298398295
30.141,-0.663584738,0.184421039
30.157,-0.99120437,0.854564006
30.173,-0.99120437,0.854564006
30.187,-2.247476671,-0.912933033
30.202,-9.680380313,-1.623095011
30.218,-5.375656516,-0.754712722
30.232,0.472929879,0.026586308
30.248,2.260107609,0.509297573
30.264,1.686744403,1.24653244
30.279,0.314736283,1.196043
30.295,-3.409440225,0.652137167
30.311,-4.234401818,0.57862759
30.326,-3.77485036,-0.275915653
30.342,-2.541347506,-0.302623826
30.358,1.568813359,3.136778643
30.373,2.257379112,2.538564678
30.389,0.111327898,2.147618538
30.405,-1.361214712,1.455956876
30.419,-1.717851833,0.34199936
30.435,-2.521813029,-0.18468712
30.451,-3.288958805,-0.139803075
30.465,-4.797907654,0.976039758
30.481,-6.114940443,0.601944147
30.497,-5.726983708,-0.455699535
30.512,-4.574503094,-0.544531919
30.528,-4.423147218,-0.611531958
30.543,-4.57204996,-0.33190155
30.558,-4.462109393,-0.285731957
30.574,-4.049515587,0.0489874
30.59,-3.782421564,-0.176698335
30.605,-2.432074835,-1.119943492
30.621,-1.870303683,-1.394012464
30.637,-1.723107425,-1.337659799
30.652,-5.078861203,0.567725248
30.667,-8.445434276,1.652261088
30.683,-6.447190729,1.190878469
30.698,-6.447190729,1.190878469
30.714,-2.080188809,-0.027403952
30.73,-1.952137152,-0.755564935
30.745,-2.197466722,-1.217393558
30.76,-2.197466722,-1.217393558
30.776,-2.405403612,0.173269361
30.791,-2.770752549,0.536899068
30.806,-1.116052263,0.639400584
30.822,-0.827563254,1.277457028
30.838,-0.827563254,1.277457028
30.853,-0.737568426,0.548677614
30.869,-1.044357898,0.462866119
30.885,-2.720368361,-0.147605908
30.9,-2.720368361,-0.147605908
30.916,-1.758583175,-0.890241013
30.932,-1.677813807,-0.981150164
30.946,-1.69955809,-1.060780544
30.962,-1.736565678,-1.162215133
30.978,-1.283064154,-1.147053457
30.993,-0.296315672,1.764710311
31.009,-1.355415344,1.731515976
31.025,-1.339583123,0.615647668
31.04,-2.104526266,0.460045411
31.056,-0.357669434,-1.065937591
31.072,-0.417837597,-1.783602049
31.087,-0.928006826,-1.07563867
31.103,-1.137960427,-0.684019608
31.119,-0.79480852,-0.468395196
31.134,-0.408516851,-0.478367388
31.15,-0.401124551,-0.410814439
31.166,0.619903731,0.036437621
31.179,0.819012823,0.316039287
31.195,0.617429441,0.564205556
31.211,0.125447265,0.508038179
31.226,-0.784558483,0.110183722
31.24,-0.112894502,0.190698912
31.254,-0.112894502,0.190698912
31.27,-0.359373869,0.089078618
31.287,-1.536203236,-0.252483728
31.304,-3.101158578,-0.556872166
31.32,-2.732035739,0.055526082
31.337,-2.114086904,0.665188492
31.354,-2.47343989,0.408617865
