0 0 0
0.014 0 0
0.031 0 0
0.048 0 0
0.064 0 0
0.081 0 0
0.098 0 0
0.114 0 0
0.131 0 0
0.148 0 0
0.165 0 0
0.181 0 0
0.198 0 0
0.215 0 0
0.231 0 0
0.248 0 0
0.264 0 0
0.281 0 0
0.298 0 0
0.315 0.097389018 -0.23077495
0.331 0.312317905 0.829050971
0.348 0.30435334 0.404051505
0.365 0.296321726 -0.117834029
0.381 0.267322093 -0.058436153
0.398 0.212468725 -0.012593462
0.415 0.096561415 -0.034676493
0.431 0.116797659 -0.034746886
0.448 0.153815166 -0.042905508
0.464 0.243165955 -0.11033799
0.48 0.193328853 -0.130242201
0.497 0.211848286 -0.161460708
0.514 0.201684065 -0.294096395
0.53 0.265481253 -0.209086637
0.547 0.337329069 -0.173541667
0.564 0.357571252 -0.162775643
0.579 0.357192135 0.248702694
0.595 0.207683594 0.139886207
0.611 -0.611486 0.21176767
0.626 0.083607644 1.050886075
0.642 0.121425387 0.729297012
0.659 0.450081281 1.086853249
0.675 0.298720814 3.064268322
0.691 -0.387719428 0.154528423
0.708 -0.528303993 0.501420124
0.725 -0.048884738 1.808166878
0.74 -0.048884738 1.808166878
0.756 -0.785641585 2.094750959
0.772 -0.229174465 1.675135413
0.788 -0.416021376 0.941900645
0.804 -0.55468574 1.820242701
0.82 0.698546271 0.623527478
0.836 -0.17026161 1.981641988
0.851 -0.826705389 2.841394906
0.868 0.092069822 1.232720485
0.884 -0.447630881 0.725835503
0.9 -0.53819666 2.740948399
0.917 0.256779816 5.223808589
0.932 0.720763449 0.190256437
0.948 -0.283674264 -0.8618241
0.965 -0.822211354 0.493656617
0.981 1.482390316 0.923604525
0.997 1.828133171 1.159800412
1.014 0.444668427 -0.558565453
1.03 0.444668427 -0.558565453
1.046 -0.039730567 3.228887184
1.062 0.334973487 1.920549295
1.078 0.128366317 2.865239057
1.094 -0.571490199 9.827543463
1.111 -0.50218938 3.979178391
1.127 -0.381475691 5.152154298
1.143 -0.806775746 4.660778798
1.159 -0.503017542 2.750003004
1.175 -0.902876851 7.288464226
1.191 -1.532189547 2.940148825
1.207 -1.759129739 7.527851391
1.224 -1.814831534 8.72472224
1.239 -1.263812597 3.877491762
1.256 -0.873909449 2.609012562
1.273 -0.253366459 -2.088696237
1.289 -0.240708362 -3.712037537
1.305 -0.422321621 -3.406103932
1.321 -0.357065296 -2.796738987
1.337 0.021579409 -1.142084232
1.354 0.184256433 -0.668057853
1.369 0.654706817 0.143702792
1.385 0.702119039 0.122406064
1.402 0.83634952 0.566607962
1.417 0.91246843 0.674075299
1.433 0.828125223 0.840367452
1.45 0.680413481 0.705253407
1.466 0.605659995 0.785363689
1.482 0.029909793 3.093199781
1.498 -0.233028131 4.299408063
1.513 -0.520138334 5.932783567
1.529 -0.525711898 4.726183692
1.545 -0.431968424 3.150454559
1.561 -0.085314207 2.258752689
1.577 -0.085314207 2.258752689
1.593 -0.027702576 -0.284814055
1.609 0.070836271 -1.496540882
1.624 0.277849638 -1.811851121
1.64 0.506330457 -2.278033205
1.657 1.141813195 -2.546973671
1.673 3.05212027 -2.839485604
1.689 3.596105499 -3.00595343
1.705 1.580613475 -4.145012387
1.721 1.580613475 -4.145012387
1.737 2.232734691 -4.63158949
1.754 1.223611567 -3.530011655
1.769 1.414473998 -0.256097051
1.784 1.485118016 -0.195612315
1.799 0.881514139 -0.521601296
1.814 -0.743685401 -4.064771201
1.83 3.035373099 -4.386546356
1.847 1.019049709 -3.457888213
1.863 1.537052058 -2.984060078
1.879 1.328728378 -1.855129436
1.896 1.360087812 -1.65994113
1.911 1.294856552 -1.513767207
1.927 -1.021894645 -0.115560669
1.944 2.161565034 0.046232116
1.96 -0.26604268 -0.081408176
1.976 -0.246423347 -0.637972093
1.992 -0.538163487 -1.33354117
2.009 -2.202988745 -1.149952252
2.025 -1.092251229 -0.868767493
2.041 -1.878946964 6.565724922
2.057 -3.397452997 10.55501115
2.073 -3.249422542 10.24232936
2.09 -4.088834613 10.4803138
2.106 -5.719064351 6.519975791
2.122 -5.348431358 7.072306702
2.139 -4.414438657 8.495898148
2.156 -4.414438657 8.495898148
2.171 -2.375695366 7.99677014
2.187 -0.906825688 7.25735548
2.203 -0.132753049 7.138855281
2.218 0.120968908 6.809912007
2.234 0.256543085 4.754367594
2.25 0.180200991 3.70811762
2.266 0.068110068 4.131852227
2.283 0.022915663 3.470653496
2.299 0.032618535 3.563083611
2.315 -0.249609927 1.418556213
2.331 -0.383902526 1.544881851
2.347 -0.344326987 2.723813846
2.362 -0.192929426 4.119199524
2.378 -0.093410787 4.343418287
2.395 0.325895894 1.264844118
2.41 0.404707422 -0.382034564
2.426 0.51414118 -0.813313073
2.443 0.576859089 -0.945540909
2.459 0.680535915 -0.812636845
2.475 0.683913636 -0.668403752
2.492 0.703688099 -0.08071847
2.507 0.570485734 0.124752868
2.523 0.297270346 0.609704399
2.54 0.07350594 0.854019546
2.556 0.022635599 1.639733715
2.572 -0.292985436 4.000741936
2.589 -0.464704447 5.922118651
2.604 -0.723542165 9.213329208
2.62 -0.843621111 9.270678335
2.636 -1.461339 4.995993113
2.653 -1.877874852 6.160647438
2.669 -3.519174026 7.596357164
2.686 -4.03317432 7.350088493
2.702 -4.03317432 7.350088493
2.717 -3.995005068 5.74936497
2.733 -4.108382858 4.798473455
2.75 -4.315691751 4.342133423
2.766 -4.03730813 3.676420237
2.782 -2.058883903 1.418529059
2.798 -1.857893937 -0.041445844
2.812 -1.733177506 -0.673651317
2.828 -0.752006471 -0.535851417
2.845 -0.395770212 -0.452155188
2.86 0.364106371 -0.868708215
2.876 0.364106371 -0.868708215
2.893 1.13048604 -3.069343621
2.908 1.270462654 -2.746204683
2.924 1.428881103 -1.586983824
2.94 2.122944634 -4.987879679
2.955 2.771594389 -5.499357305
2.971 2.956570351 -5.846280245
2.987 2.775457172 -5.805146481
3.002 1.244749951 -4.8265406
3.018 1.035452571 -4.716309494
3.034 1.668606815 -5.694920422
3.049 1.692840492 -5.927708864
3.065 1.18933147 -5.796494039
3.081 1.266571582 -6.440094246
3.097 0.846948985 -6.006230783
3.113 0.536158384 -5.694498634
3.129 0.241696654 -5.373744498
3.144 0.042551283 -3.797541427
3.16 0.176626678 -3.100663796
3.177 0.126554894 -1.578327122
3.192 0.126554894 -1.578327122
3.208 -0.104654519 1.601379623
3.224 -0.205032684 3.647327094
3.239 -0.154210257 4.094803421
3.255 0.152492096 4.546644509
3.271 0.358657859 3.3907889
3.287 0.129388979 1.650291344
3.302 0.129388979 1.650291344
3.319 -0.656885429 0.108422025
3.335 -0.749347412 0.753035647
3.35 -0.117814736 1.600216116
3.366 0.202926156 1.564349565
3.382 0.399706915 -1.06446593
3.397 0.125507857 -1.199819901
3.414 0.125507857 -1.199819901
3.431 0.429417805 -1.505331882
3.446 0.670040333 -1.475622386
3.463 1.076705108 -1.543970353
3.479 1.076705108 -1.543970353
3.494 1.401237974 -1.885962176
3.51 1.134364077 -2.336144501
3.527 0.943771636 -2.54668157
3.542 0.754369661 -2.578348474
3.558 0.754369661 -2.578348474
3.574 1.771167229 -1.300001076
3.589 1.554278666 -2.50829894
3.605 1.329641416 -2.108963594
3.622 0.917252193 -2.130560444
3.637 0.827804603 -2.786335387
3.652 1.269530842 -4.254031572
3.668 1.682326847 -4.078655625
3.683 1.264316987 -3.602211025
3.699 0.688678364 -3.096183728
3.716 -0.303229312 -2.496820173
3.731 -0.892982865 -1.825192811
3.747 -1.461634985 -1.552420518
3.763 -1.295382817 -0.052098906
3.778 -1.275605572 5.214769426
3.794 -1.131324911 7.374082365
3.81 -2.288381364 5.124481893
3.825 -3.646791846 1.463714024
3.841 -4.404762734 1.879961284
3.857 -4.849418628 2.12351584
3.873 -5.086876315 2.785819698
3.889 -5.096856154 2.147021839
3.905 -5.096856154 2.147021839
3.92 -6.038337099 7.084006779
3.935 -4.93865609 8.332844736
3.951 -4.01210652 8.290654674
3.967 -3.152650176 7.976625721
3.982 -0.838885206 6.39149451
3.999 -0.225827133 5.263864957
4.015 -0.165364074 4.737587571
4.03 -0.294452454 3.815713738
4.046 -0.294452454 3.815713738
4.062 -0.763412284 2.746388615
4.077 -0.955942861 2.941579366
4.093 -1.100362071 5.470828834
4.11 -0.938808249 7.021110375
4.125 -0.602109254 5.236390586
4.141 -0.322468548 2.752160784
4.158 -0.322468548 2.752160784
4.173 -0.99534946 4.181528711
4.189 -1.092036168 3.870246344
4.206 -0.916225837 2.867952377
4.221 -0.104903268 2.988913967
4.237 0.004013516 4.302548112
4.253 -0.481492541 5.666153842
4.269 -0.481492541 5.666153842
4.285 -3.420544389 7.833486239
4.302 -4.060690175 8.175851281
4.317 -4.279044126 9.501171456
4.333 -4.263194548 9.697177399
4.35 -4.548573074 8.409159656
4.365 -4.582363313 6.430589095
4.381 -4.121938903 1.669780767
4.397 -3.17688343 0.228518804
4.412 -3.17688343 0.228518804
4.428 -2.53852768 -0.023334442
4.445 -2.31264587 -1.326505518
4.46 -1.770872103 -3.495962058
4.476 -1.391098336 -4.893855738
4.493 -0.767907516 -7.640367358
4.507 0.26988209 -9.168767761
4.523 0.087523598 -9.527255328
4.539 0.512033571 -9.123370553
4.555 1.119230416 -8.971978136
4.57 1.886262375 -8.459219716
4.587 1.886262375 -8.459219716
4.603 1.594391228 -8.058849898
4.618 0.845931543 -7.209890855
4.634 0.539738477 -6.157434604
4.649 0.596731615 -5.78742353
4.664 1.364207723 -5.160121458
4.68 1.606746205 -5.146422179
4.696 1.744337923 -4.969544979
4.711 0.93578019 -3.208177138
4.727 0.504133685 -2.558676098
4.743 0.295780663 -1.771117976
4.758 0.063612617 -0.876012592
4.774 0.120448966 2.170928465
4.79 -0.186650876 2.687778767
4.805 -0.32983156 -1.452470539
4.821 -0.61831964 -2.918183894
4.837 -0.604143505 -3.675688169
4.852 -0.138832435 -4.897687556
4.868 -0.138832435 -4.897687556
4.883 0.2355682 -4.388936115
4.898 0.413945417 -6.128279718
4.914 0.730810212 -5.526996665
4.93 1.038312985 -4.553590768
4.945 0.73292785 -3.73688339
4.961 0.111399969 -3.044485861
4.977 -0.917438617 -2.241593703
4.992 -1.844030851 4.324729627
5.008 -1.867156126 8.416976955
5.025 -1.41323769 7.044424416
5.04 -1.701412739 6.415674979
5.056 -2.653317155 7.233635568
5.072 -3.129426371 8.161894471
5.087 -2.378596908 -0.138182915
5.103 -2.886229196 -0.513969727
5.119 -2.886229196 -0.513969727
5.135 -4.084362926 5.708460354
5.15 -4.491890298 7.784476384
5.166 -3.955895897 9.543094624
5.182 -3.284816723 8.923230004
5.197 -2.714297838 7.825838394
5.213 -2.595686924 6.583205354
5.227 -2.232227822 5.428446226
5.243 -1.520011174 4.237631643
5.259 -1.520011174 4.237631643
5.274 -1.713067179 5.202455273
5.29 -1.837256578 6.742703688
5.306 -3.000070689 9.820690249
5.322 -3.586342406 10.50274659
5.337 -4.405971946 9.702200803
5.353 -4.110237886 9.182988739
5.369 -4.169702944 10.01756125
5.384 -4.165837841 12.27551395
5.4 -4.165837841 12.27551395
5.416 -5.869665678 5.50355618
5.431 -4.548685163 2.25190488
5.447 -4.078748822 -0.541073828
5.463 -4.602693279 -1.053192889
5.478 -4.210637139 -1.184168748
5.494 -2.86300063 7.838246285
5.51 -2.708975896 6.458664159
5.525 -2.016664663 8.321932687
5.541 -1.209532955 10.26868328
5.558 -0.2273005 9.65383812
5.573 0.802330964 1.10216021
5.589 1.403714456 -0.907021214
5.605 1.574991125 0.800541567
5.62 1.966822823 -0.191535152
5.636 2.958937343 -8.509165737
5.652 3.373746738 -10.20719507
5.667 3.632242223 -11.78821129
5.682 3.71484558 -13.52042208
5.698 3.458708241 -15.34841308
5.713 3.473084919 -16.19819426
5.729 3.226390007 -16.67078643
5.744 2.896053681 -13.68376136
5.76 2.908319081 -11.4100771
5.775 2.383472102 -11.08519882
5.79 1.615262666 -9.859865429
5.806 -0.820550628 -6.907841135
5.821 -3.657424663 -1.016847528
5.838 -6.291625426 10.88190608
5.854 -8.229471063 16.00978613
5.869 -9.901611749 20.85541785
5.885 -11.72960753 12.62104149
5.899 -10.23271585 19.60705728
5.912 -8.280704006 40.58706375
5.924 -10.41535764 42.76942178
5.937 -10.76591076 39.18999749
5.952 -11.05455073 25.96734395
5.968 -10.7657972 23.67257018
5.985 -11.55148862 26.8164187
6 -9.967235474 12.65153195
6.016 -8.069218669 6.563035846
6.032 -5.036965123 0.772207912
6.047 3.268470087 -11.26885834
6.063 9.287335637 -25.37653942
6.078 11.9993679 -40.1776099
6.092 8.119375788 -49.82875128
6.107 6.741475872 -43.47706773
6.123 3.87366158 -35.74629324
6.138 -0.13330866 -19.68983118
6.154 -1.62786156 -12.58995942
6.17 -3.941236193 2.02290986
6.185 -5.570226132 10.61700346
6.201 -8.49919811 1.620610428
6.217 -11.14092284 9.146788225
6.233 -11.14092284 9.146788225
6.249 -9.566421731 20.09461051
6.265 -10.28862989 43.27330331
6.28 -11.56431708 45.65764986
6.296 -12.92885288 37.56458607
6.313 -10.75876739 25.11249271
6.328 -10.79918502 15.08903791
6.344 -7.180385226 5.165353741
6.361 -3.506553634 -4.983994392
6.376 -0.993859375 -11.33722619
6.391 6.828301039 -37.66585522
6.407 7.452228769 -46.65579689
6.421 5.828974281 -55.43138473
6.436 5.867721901 -52.02835227
6.452 3.385461781 -43.03439876
6.467 -0.564727017 -18.84119918
6.482 -3.310446006 -0.804042773
6.498 -8.773054344 6.331051464
6.514 -10.7405954 14.57620104
6.529 -11.2101663 34.4824625
6.545 -11.19574598 44.70365782
6.562 -15.19591331 57.36294851
6.577 -13.99761504 49.52922683
6.593 -10.95795621 23.6741706
6.609 -9.567681731 13.08151584
6.625 -6.854616563 4.753484682
6.641 2.623445889 -21.40083176
6.657 2.623445889 -21.40083176
6.671 3.131789966 -54.23911197
6.686 2.709271442 -60.72030701
6.702 4.495736719 -53.2160358
6.717 2.246479004 -42.32803881
6.733 -1.675815456 -17.65239561
6.749 -2.725434035 -7.358116327
6.764 -5.829470148 4.807981337
6.78 -11.25425209 8.906933576
6.796 -12.70353828 13.51685444
6.809 -15.63890362 34.95291735
6.824 -19.84984731 59.6960787
6.838 -19.20887424 52.5985532
6.853 -15.35277817 35.10483956
6.869 -10.47718402 5.270387095
6.885 -7.829849691 0.961229383
6.9 -0.378987701 -9.627688113
6.914 6.92532163 -27.57258213
6.928 9.743064104 -47.27325451
6.94 7.431943455 -54.75835237
6.953 8.819020901 -48.58743861
6.969 2.464959916 -28.60150247
6.984 0.481227083 -18.77949756
7 -3.471123304 -2.492301173
7.016 -5.485818477 3.822843718
7.031 -11.45988319 14.55558829
7.045 -19.39372856 55.78425289
7.059 -20.47905004 66.02433636
7.073 -19.94320335 68.46057212
7.089 -18.29338126 63.32015611
7.105 -16.11070177 44.72264438
7.12 -13.85088554 19.64503984
7.135 -6.437595112 -3.323442094
7.151 -3.358328092 -7.449606205
7.167 2.439790378 -18.86755183
7.182 6.517849508 -31.65481121
7.198 6.543693659 -34.99842008
7.214 6.254842329 -30.16821043
7.229 4.837096444 -23.90001071
7.245 0.244778722 -10.83067835
7.261 -2.081951284 3.440640899
7.276 -4.426004026 12.08245578
7.292 -2.576950925 12.08187691
7.308 -4.487899355 24.57746554
7.323 -2.118821772 18.99374321
7.339 -3.918479248 19.62129414
7.355 -4.225119165 23.16618286
7.37 -3.305095042 21.53592146
7.385 -1.788820085 13.42567329
7.401 0.254253438 5.835439126
7.416 0.894725211 -2.665004334
7.432 0.351758412 -2.842682651
7.448 1.769283547 -0.899431979
7.463 1.78693181 -1.831883164
7.479 1.666887189 -1.644404956
7.495 0.632156293 -1.418043739
7.51 0.980378321 -0.987669749
7.526 0.147989273 0.059230716
7.542 0.036993922 -0.003962672
7.557 0.117890109 2.002763903
7.573 0.420030066 6.921189351
7.589 0.314266151 2.397449655
7.604 0.307346394 -1.088010663
7.62 0.278333383 1.67693566
7.635 0.341277187 2.261391345
7.65 0.167474049 2.84738495
7.665 0.084514792 0.525638262
7.681 0.334936049 -0.156787743
7.697 0.175941348 -0.167227514
7.713 0.109587342 -0.359517022
7.729 0.39561679 0.385255907
7.744 0.257623428 0.317580024
7.76 0.006906383 0.785269836
7.776 0.116032074 1.504078089
7.791 0.116032074 1.504078089
7.807 0.075746053 1.82315979
7.82 -0.411438181 1.39325539
7.834 -0.495575904 1.222972905
7.85 -0.281757828 -0.038642829
7.865 0.15886765 1.062542057
7.881 0.001400586 1.292607935
7.896 -0.185969651 -0.124402551
7.912 -0.013061241 0.352493409
7.928 -0.013061241 0.352493409